0 0068
1 0005
2 0007
3 8000
4 0002
5 0005
6 0005
7 0007
8 000e
9 0005
10 000b
11 010a
12 8000
13 0003
14 8000
15 003d
16 00d7
17 8000
18 8000
19 000a
20 0006
21 0009
22 0001
23 8000
24 8000
25 8000
26 8000
27 0025
28 8000
29 0005
30 0004
31 0008
32 0013
33 0008
34 0003
35 001a
36 0007
37 0014
38 0005
39 0002
40 0005
41 0001
42 0005
43 0002
44 0002
45 0011
46 000f
47 000a
48 0005
49 0001
50 0002
51 0002
52 000a
53 028d
54 8000
55 0008
56 0007
57 0009
58 8000
59 8000
60 8000
61 0002
62 0025
63 8000
64 00c9
65 8000
66 8000
67 0229
68 02c9
69 0005
70 8000
71 000b
72 0049
73 005d
74 0005
75 0009
76 8000
77 8000
78 0006
79 0002
80 8000
81 8000
82 8000
83 0002
84 000c
85 0001
86 000b
87 006e
88 006a
89 8000
90 8000
91 0004
92 0002
93 0049
94 8000
95 0031
96 0005
97 0009
98 000f
99 000d
100 0001
101 0004
102 8000
103 0015
104 8000
105 8000
106 0003
107 0009
108 0013
109 0003
110 000e
111 8000
112 001c
113 8000
114 0005
115 0002
116 8000
117 0023
118 0010
119 0011
120 8000
121 0009
122 8000
123 0002
124 8000
125 000d
126 0002
127 8000
128 003e
129 8000
130 0002
131 0027
132 0045
133 0002
134 8000
135 8000
136 0042
137 8000
138 8000
139 8000
140 000b
141 8000
142 8000
143 8000
144 0013
145 0041
146 8000
147 0063
148 8000
149 0009
150 8000
151 0002
152 8000
153 001a
154 8000
155 0102
156 0135
157 0033
158 8000
159 8000
160 0003
161 0009
162 0009
163 0009
164 0095
165 8000
166 8000
167 0004
168 8000
169 8000
170 0005
171 8000
172 8000
173 8000
174 8000
175 000d
176 8000
177 8000
178 8000
179 8000
180 8000
181 0040
182 0009
183 8000
184 8000
185 0003
186 0006
187 0009
188 0003
189 8000
190 8000
191 8000
192 0024
193 8000
194 8000
195 8000
196 0006
197 00cb
198 0001
199 0031
200 0002
201 0006
202 0006
203 0007
204 8000
